0 14 4.8251
0 3 3.0277
1 6 2.8984
2 12 1.9643
2 3 4.5238
3 0 3.0277
3 2 4.5238
4 5 2.0997
4 7 1.6741
5 4 2.0997
5 8 0.6576
6 12 2.1229
6 1 2.8984
6 7 1.946
7 4 1.6741
7 6 1.946
8 5 0.6576
8 9 1.6663
9 16 4.423
9 8 1.6663
10 15 2.5212
10 17 0.9112
11 12 5.5477
11 16 5.7197
11 20 1.8399
12 11 5.5477
12 2 1.9643
12 6 2.1229
13 14 5.5288
14 0 4.8251
14 13 5.5288
14 15 0.2905
15 10 2.5212
15 14 0.2905
16 11 5.7197
16 9 4.423
17 10 0.9112
17 18 2.4374
18 17 2.4374
18 19 0.88
19 18 0.88
19 20 6.7194
20 11 1.8399
20 19 6.7194
